# TABLE 1  Fit parameters for photoionization cross sections from Verner+1996, ApJ, 465, 487.
# Energies are in eV, sigma in Mb = 1e-18 cm2
Element Ion      Z  N   Eth      Emax      E0     sigma0    ya        P        yw       y0       y1  Notes
H       1        1  1 1.360e+1 5.000e+4 4.298e-1 5.475e+4 3.288e+1 2.963e+0 0.000e+0 0.000e+0 0.000e+0 A
He      1        2  2 2.459e+1 5.000e+4 1.361e+1 9.492e+2 1.469e+0 3.188e+0 2.039e+0 4.434e-1 2.136e+0 Bb
He      2        2  1 5.442e+1 5.000e+4 1.720e+0 1.369e+4 3.288e+1 2.963e+0 0.000e+0 0.000e+0 0.000e+0 A
Li      1        3  3 5.392e+0 6.439e+1 3.107e+0 6.245e+1 1.501e+1 4.895e+0 0.000e+0 0.000e+0 0.000e+0 B
Li      2        3  2 7.564e+1 5.000e+4 2.006e+1 3.201e+2 7.391e+0 2.916e+0 0.000e+0 0.000e+0 0.000e+0 B
Li      3        3  1 1.225e+2 5.000e+4 3.871e+0 6.083e+3 3.288e+1 2.963e+0 0.000e+0 0.000e+0 0.000e+0 A
Be      1        4  4 9.323e+0 1.193e+2 9.539e+0 2.932e+5 4.301e-1 1.052e+1 3.655e-1 8.278e-4 1.269e-2 E
Be      2        4  3 1.821e+1 1.299e+2 1.181e+0 2.678e+2 5.645e+0 1.170e+1 0.000e+0 0.000e+0 0.000e+0 B
Be      3        4  2 1.539e+2 5.000e+4 1.760e+1 5.458e+2 1.719e+1 3.157e+0 0.000e+0 0.000e+0 0.000e+0 B
Be      4        4  1 2.177e+2 5.000e+4 6.879e+0 3.422e+3 3.288e+1 2.963e+0 0.000e+0 0.000e+0 0.000e+0 A
B       1        5  5 8.298e+0 1.940e+2 5.213e-1 5.466e+0 8.618e+0 1.728e+1 1.887e+1 1.319e+1 4.556e+0 C
B       2        5  4 2.516e+1 2.098e+2 2.869e+0 1.859e+4 1.783e+0 1.618e+1 3.503e+0 4.960e-3 3.400e-2 C
B       3        5  3 3.793e+1 2.274e+2 1.041e+0 5.393e+1 1.767e+1 9.540e+0 0.000e+0 0.000e+0 0.000e+0 B
B       4        5  2 2.594e+2 5.000e+4 3.336e+1 2.846e+2 2.163e+1 2.624e+0 0.000e+0 0.000e+0 0.000e+0 B
B       5        5  1 3.402e+2 5.000e+4 1.075e+1 2.190e+3 3.288e+1 2.963e+0 0.000e+0 0.000e+0 0.000e+0 A
C       1        6  6 1.126e+1 2.910e+2 2.144e+0 5.027e+2 6.216e+1 5.101e+0 9.157e-2 1.133e+0 1.607e+0 C
C       2        6  5 2.438e+1 3.076e+2 4.058e-1 8.709e+0 1.261e+2 8.578e+0 2.093e+0 4.929e+1 3.234e+0 C
C       3        6  4 4.789e+1 3.289e+2 4.614e+0 1.539e+4 1.737e+0 1.593e+1 5.922e+0 4.378e-3 2.528e-2 C
C       4        6  3 6.449e+1 3.522e+2 3.506e+0 1.068e+2 1.436e+1 7.457e+0 0.000e+0 0.000e+0 0.000e+0 B
C       5        6  2 3.921e+2 5.000e+4 4.624e+1 2.344e+2 2.183e+1 2.581e+0 0.000e+0 0.000e+0 0.000e+0 B
C       6        6  1 4.900e+2 5.000e+4 1.548e+1 1.521e+3 3.288e+1 2.963e+0 0.000e+0 0.000e+0 0.000e+0 A
N       1        7  7 1.453e+1 4.048e+2 4.034e+0 8.235e+2 8.033e+1 3.928e+0 9.097e-2 8.598e-1 2.325e+0 C
N       2        7  6 2.960e+1 4.236e+2 6.128e-2 1.944e+0 8.163e+2 8.773e+0 1.043e+1 4.280e+2 2.030e+1 C
N       3        7  5 4.745e+1 4.473e+2 2.420e-1 9.375e-1 2.788e+2 9.156e+0 1.850e+0 1.877e+2 3.999e+0 C
N       4        7  4 7.747e+1 4.753e+2 5.494e+0 1.690e+4 1.714e+0 1.706e+1 7.904e+0 6.415e-3 1.937e-2 C
N       5        7  3 9.789e+1 5.043e+2 4.471e+0 8.376e+1 3.297e+1 6.003e+0 0.000e+0 0.000e+0 0.000e+0 B
N       6        7  2 5.521e+2 5.000e+4 6.943e+1 1.519e+2 2.627e+1 2.315e+0 0.000e+0 0.000e+0 0.000e+0 B
N       7        7  1 6.671e+2 5.000e+4 2.108e+1 1.117e+3 3.288e+1 2.963e+0 0.000e+0 0.000e+0 0.000e+0 A
O       1        8  8 1.362e+1 5.380e+2 1.240e+0 1.745e+3 3.784e+0 1.764e+1 7.589e-2 8.698e+0 1.271e-1 Cc
O       2        8  7 3.512e+1 5.581e+2 1.386e+0 5.967e+1 3.175e+1 8.943e+0 1.934e-2 2.131e+1 1.503e-2 C
O       3        8  6 5.494e+1 5.840e+2 1.723e-1 6.753e+2 3.852e+2 6.822e+0 1.191e-1 3.839e-3 4.569e-1 C
O       4        8  5 7.741e+1 6.144e+2 2.044e-1 8.659e-1 4.931e+2 8.785e+0 3.143e+0 3.328e+2 4.285e+1 C
O       5        8  4 1.139e+2 6.491e+2 2.854e+0 1.642e+4 1.792e+0 2.647e+1 2.836e+1 3.036e-2 5.554e-2 C
O       6        8  3 1.381e+2 6.837e+2 7.824e+0 6.864e+1 3.210e+1 5.495e+0 0.000e+0 0.000e+0 0.000e+0 B
O       7        8  2 7.393e+2 5.000e+4 8.709e+1 1.329e+2 2.535e+1 2.336e+0 0.000e+0 0.000e+0 0.000e+0 B
O       8        8  1 8.714e+2 5.000e+4 2.754e+1 8.554e+2 3.288e+1 2.963e+0 0.000e+0 0.000e+0 0.000e+0 A
F       1        9  9 1.742e+1 6.940e+2 1.297e+1 3.803e+3 2.587e+0 7.275e+0 2.170e-3 1.701e-4 1.345e-2 C
F       2        9  8 3.497e+1 7.122e+2 1.763e+0 8.013e+1 1.667e+1 1.050e+1 5.103e-1 1.715e+1 7.724e-1 C
F       3        9  7 6.271e+1 7.392e+2 2.542e+0 1.541e+2 5.742e+1 6.614e+0 1.115e+0 1.641e+1 5.124e+0 C
F       4        9  6 8.714e+1 7.709e+2 7.744e-1 3.165e+0 1.099e+2 9.203e+0 6.812e+0 9.531e+1 9.781e+0 C
F       5        9  5 1.142e+2 8.091e+2 7.286e-1 4.690e-1 1.400e+2 9.718e+0 2.570e-1 1.506e+2 2.574e-1 C
F       6        9  4 1.572e+2 8.502e+2 4.008e+0 1.157e+4 1.848e+0 2.446e+1 2.411e+1 2.071e-2 3.998e-2 C
F       7        9  3 1.852e+2 8.905e+2 2.563e+0 6.930e+1 7.547e+1 6.448e+0 0.000e+0 0.000e+0 0.000e+0 B
F       8        9  2 9.539e+2 5.000e+4 1.131e+2 1.039e+2 2.657e+1 2.255e+0 0.000e+0 0.000e+0 0.000e+0 B
F       9        9  1 1.103e+3 5.000e+4 3.485e+1 6.759e+2 3.288e+1 2.963e+0 0.000e+0 0.000e+0 0.000e+0 A
Ne      1       10 10 2.156e+1 8.701e+2 4.870e+0 4.287e+3 5.798e+0 8.355e+0 2.434e-1 4.236e-2 5.873e+0 C
Ne      2       10  9 4.096e+1 8.831e+2 1.247e+1 1.583e+3 3.935e+0 7.810e+0 6.558e-2 1.520e+0 1.084e-1 C
Ne      3       10  8 6.346e+1 9.131e+2 7.753e-1 5.708e+0 6.725e+1 1.005e+1 4.633e-1 7.654e+1 2.023e+0 C
Ne      4       10  7 9.712e+1 9.480e+2 5.566e+0 1.685e+3 6.409e+2 3.056e+0 8.290e-3 5.149e+0 6.687e+0 C
Ne      5       10  6 1.262e+2 9.873e+2 1.248e+0 2.430e+0 1.066e+2 8.999e+0 6.855e-1 9.169e+1 3.702e-1 C
Ne      6       10  5 1.579e+2 1.031e+3 1.499e+0 9.854e-1 1.350e+2 8.836e+0 1.656e+0 1.042e+2 1.435e+0 C
Ne      7       10  4 2.073e+2 1.078e+3 4.888e+0 1.198e+4 1.788e+0 2.550e+1 2.811e+1 2.536e-2 4.417e-2 C
Ne      8       10  3 2.391e+2 1.125e+3 1.003e+1 5.631e+1 3.628e+1 5.585e+0 0.000e+0 0.000e+0 0.000e+0 B
Ne      9       10  2 1.196e+3 5.000e+4 1.586e+2 6.695e+1 3.352e+1 2.002e+0 0.000e+0 0.000e+0 0.000e+0 B
Ne      10      10  1 1.362e+3 5.000e+4 4.304e+1 5.475e+2 3.288e+1 2.963e+0 0.000e+0 0.000e+0 0.000e+0 A
Na      1       11 11 5.139e+0 3.814e+1 6.139e+0 1.601e+0 6.148e+3 3.839e+0 0.000e+0 0.000e+0 0.000e+0 B
Na      2       11 10 4.729e+1 1.074e+3 8.203e+0 1.040e+3 8.259e+0 7.362e+0 2.328e+0 3.375e+0 4.010e+0 C
Na      3       11  9 7.162e+1 1.110e+3 1.069e+1 1.885e+3 3.613e+0 9.803e+0 8.579e-2 3.725e+0 2.279e-1 C
Na      4       11  8 9.892e+1 1.143e+3 6.690e-1 2.330e+0 1.205e+2 9.714e+0 7.365e-1 1.383e+2 4.260e+0 C
Na      5       11  7 1.384e+2 1.185e+3 5.408e+0 2.346e+1 2.913e+1 8.260e+0 9.275e-1 2.204e+1 7.577e-1 C
Na      6       11  6 1.722e+2 1.230e+3 4.846e+1 7.101e+1 3.945e+1 2.832e+0 1.285e-2 9.603e-4 6.378e-3 C
Na      7       11  5 2.085e+2 1.281e+3 2.096e+0 1.609e+0 2.473e+2 7.681e+0 1.895e+0 9.940e+1 3.278e+0 Cd
Mg      7       12  6 2.249e+2 1.501e+3 3.570e+0 3.104e+0 6.060e+1 8.857e+0 1.422e+0 5.452e+1 2.078e+0 C
Mg      8       12  5 2.660e+2 1.558e+3 4.884e-1 6.344e-2 5.085e+2 9.385e+0 6.666e-1 5.348e+2 3.997e-3 C
Mg      9       12  4 3.282e+2 1.618e+3 3.482e+1 9.008e+2 1.823e+0 1.444e+1 2.751e+0 5.444e+0 7.918e-2 C
Mg      10      12  3 3.675e+2 1.675e+3 1.452e+1 4.427e+1 3.826e+1 5.460e+0 0.000e+0 0.000e+0 0.000e+0 B
Mg      11      12  2 1.762e+3 5.000e+4 2.042e+2 6.140e+1 2.778e+1 2.161e+0 0.000e+0 0.000e+0 0.000e+0 B
Mg      12      12  1 1.963e+3 5.000e+4 6.203e+1 3.802e+2 3.288e+1 2.963e+0 0.000e+0 0.000e+0 0.000e+0 A
Al      1       13 13 5.986e+0 8.040e+1 1.381e+1 7.195e+0 1.621e+3 3.642e+0 3.166e-1 2.041e-1 4.753e-1 E
Al      2       13 12 1.883e+1 8.997e+1 2.048e-1 6.948e-2 5.675e+2 9.049e+0 4.615e-1 9.149e+1 6.565e-1 C
Al      3       13 11 2.845e+1 1.026e+2 1.027e+1 4.915e+0 1.990e+6 3.477e+0 0.000e+0 0.000e+0 0.000e+0 B
Al      4       13 10 1.200e+2 1.588e+3 3.130e+0 1.513e+1 1.674e+1 1.180e+1 5.342e+0 3.994e+1 4.803e+0 C
Al      5       13  9 1.538e+2 1.634e+3 2.414e+1 2.925e+2 6.973e+0 6.724e+0 1.000e-1 3.495e+0 2.701e-1 C
Al      6       13  8 1.905e+2 1.688e+3 3.483e-1 1.962e-2 1.856e+1 2.084e+1 8.839e+0 5.675e-2 2.768e-1 C
Al      7       13  7 2.414e+2 1.739e+3 2.636e+0 1.889e+2 1.338e+2 6.204e+0 1.836e+0 3.552e+1 8.223e-3 C
Al      8       13  6 2.846e+2 1.799e+3 4.866e-1 2.350e-1 7.216e+2 8.659e+0 2.773e-1 5.704e+2 1.580e-1 C
Al      9       13  5 3.301e+2 1.862e+3 1.842e+0 4.982e-1 2.568e+2 8.406e+0 6.945e-1 1.719e+2 6.595e+0 C
Al      10      13  4 3.994e+2 1.929e+3 8.044e+0 1.774e+4 1.653e+0 2.655e+1 2.953e+1 2.538e-2 1.203e-2 C
Al      11      13  3 4.421e+2 1.992e+3 2.355e+1 3.388e+1 3.432e+1 5.085e+0 0.000e+0 0.000e+0 0.000e+0 B
Al      12      13  2 2.086e+3 5.000e+4 2.738e+2 4.036e+1 3.567e+1 1.915e+0 0.000e+0 0.000e+0 0.000e+0 B
Al      13      13  1 2.304e+3 5.000e+4 7.281e+1 3.239e+2 3.288e+1 2.963e+0 0.000e+0 0.000e+0 0.000e+0 A
Si      1       14 14 8.152e+0 1.060e+2 2.317e+1 2.506e+1 2.057e+1 3.546e+0 2.837e-1 1.672e-5 4.207e-1 E
Si      2       14 13 1.635e+1 1.186e+2 2.556e+0 4.140e+0 1.337e+1 1.191e+1 1.570e+0 6.634e+0 1.272e-1 D
Si      3       14 12 3.349e+1 1.311e+2 1.659e-1 5.790e-4 1.474e+2 1.336e+1 8.626e-1 9.613e+1 6.442e-1 C
Si      4       14 11 4.514e+1 1.466e+2 1.288e+1 6.083e+0 1.356e+6 3.353e+0 0.000e+0 0.000e+0 0.000e+0 B
Si      5       14 10 1.668e+2 1.887e+3 7.761e-1 8.863e-1 1.541e+2 9.980e+0 1.303e+0 2.009e+2 4.537e+0 C
Si      6       14  9 2.051e+2 1.946e+3 6.305e+1 7.293e+1 1.558e+2 2.400e+0 2.989e-3 1.115e+0 8.051e-2 C
Si      7       14  8 2.465e+2 2.001e+3 3.277e-1 6.680e-2 4.132e+1 1.606e+1 3.280e+0 1.149e-2 6.396e-1 C
Si      8       14  7 3.032e+2 2.058e+3 7.655e-1 3.477e-1 3.733e+2 8.986e+0 1.476e-3 3.850e+2 8.999e-2 C
Si      9       14  6 3.511e+2 2.125e+3 3.343e-1 1.465e-1 1.404e+3 8.503e+0 1.646e+0 1.036e+3 2.936e-1 C
Si      10      14  5 4.014e+2 2.194e+3 8.787e-1 1.950e-1 7.461e+2 8.302e+0 4.489e-1 4.528e+2 1.015e+0 C
Si      11      14  4 4.761e+2 2.268e+3 1.205e+1 1.992e+4 1.582e+0 2.425e+1 2.392e+1 1.990e-2 1.007e-2 C
Si      12      14  3 5.235e+2 2.336e+3 3.560e+1 2.539e+1 3.307e+1 4.728e+0 0.000e+0 0.000e+0 0.000e+0 B
Si      13      14  2 2.438e+3 5.000e+4 2.752e+2 4.754e+1 2.848e+1 2.135e+0 0.000e+0 0.000e+0 0.000e+0 B
Si      14      14  1 2.673e+3 5.000e+4 8.447e+1 2.793e+2 3.288e+1 2.963e+0 0.000e+0 0.000e+0 0.000e+0 A
S       1       16 16 1.036e+1 1.700e+2 1.808e+1 4.564e+4 1.000e+0 1.361e+1 6.385e-1 9.935e-1 2.486e-1 E
S       2       16 15 2.333e+1 1.846e+2 8.787e+0 3.136e+2 3.442e+0 1.281e+1 7.354e-1 2.782e+0 1.788e-1 E
S       3       16 14 3.483e+1 1.995e+2 2.027e+0 6.666e+0 5.454e+1 8.611e+0 4.109e+0 1.568e+1 9.421e+0 D
S       4       16 13 4.731e+1 2.164e+2 2.173e+0 2.606e+0 6.641e+1 8.655e+0 1.863e+0 1.975e+1 3.361e+0 C
S       5       16 12 7.268e+1 2.350e+2 1.713e-1 5.072e-4 1.986e+2 1.307e+1 7.880e-1 9.424e+1 6.265e-1 C
S       6       16 11 8.805e+1 2.557e+2 1.413e+1 9.139e+0 1.656e+3 3.626e+0 0.000e+0 0.000e+0 0.000e+0 B
S       7       16 10 2.809e+2 2.569e+3 3.757e-1 5.703e-1 1.460e+2 1.135e+1 1.503e+0 2.222e+2 4.606e+0 C
S       8       16  9 3.282e+2 2.641e+3 1.462e+1 3.161e+1 1.611e+1 8.642e+0 1.153e-3 1.869e+1 3.037e-1 C
S       9       16  8 3.791e+2 2.705e+3 1.526e-1 9.646e+3 1.438e+3 5.977e+0 1.492e+0 1.615e-3 4.049e-1 C
S       10      16  7 4.471e+2 2.782e+3 1.040e+1 5.364e+1 3.641e+1 7.090e+0 2.310e+0 1.775e+1 1.663e+0 C
S       11      16  6 5.048e+2 2.859e+3 6.485e+0 1.275e+1 6.583e+1 7.692e+0 1.678e+0 3.426e+1 1.370e-1 C
S       12      16  5 5.647e+2 2.941e+3 2.443e+0 3.490e-1 5.411e+2 7.769e+0 7.033e-1 2.279e+2 1.172e+0 C
S       13      16  4 6.517e+2 3.029e+3 1.474e+1 2.294e+4 1.529e+0 2.568e+1 2.738e+1 2.203e-2 1.073e-2 C
S       14      16  3 7.072e+2 3.107e+3 3.310e+1 2.555e+1 3.821e+1 5.037e+0 0.000e+0 0.000e+0 0.000e+0 B
S       15      16  2 3.224e+3 5.000e+4 4.390e+2 2.453e+1 4.405e+1 1.765e+0 0.000e+0 0.000e+0 0.000e+0 B
S       16      16  1 3.494e+3 5.000e+4 1.104e+2 2.139e+2 3.288e+1 2.963e+0 0.000e+0 0.000e+0 0.000e+0 A
Ar      1       18 18 1.576e+1 2.492e+2 1.709e+1 2.106e+1 2.645e+2 4.796e+0 4.185e-1 1.688e+0 8.943e-1 Db
Ar      2       18 17 2.763e+1 2.662e+2 2.494e+1 2.503e+1 1.272e+2 4.288e+0 5.108e-1 9.299e-1 7.195e-1 D
Ar      3       18 16 4.074e+1 2.801e+2 1.417e+1 3.580e+1 3.776e+1 5.742e+0 6.316e-1 2.384e+0 1.794e+0 D
Ar      4       18 15 5.981e+1 2.987e+2 6.953e+0 2.035e+1 1.400e+1 9.595e+0 8.842e-1 7.501e+0 1.806e-1 C
Ar      5       18 14 7.502e+1 3.200e+2 1.031e+1 9.946e+0 7.444e+1 6.261e+0 4.885e-1 6.406e+0 3.659e-3 C
Ar      6       18 13 9.101e+1 3.426e+2 5.440e-1 1.080e+0 9.419e+2 7.582e+0 1.107e+1 1.700e+2 1.587e+1 C
Ar      7       18 12 1.243e+2 3.667e+2 2.966e-2 3.693e+0 9.951e+3 7.313e+0 1.363e-2 4.383e-4 2.513e+0 C
Ar      8       18 11 1.435e+2 3.925e+2 3.884e+0 3.295e+1 7.082e+2 4.645e+0 0.000e+0 0.000e+0 0.000e+0 B
Ar      9       18 10 4.225e+2 3.361e+3 1.926e-1 8.279e-1 2.392e+2 1.121e+1 1.434e+0 3.814e+1 4.649e+0 C
Ar      10      18  9 4.787e+2 3.446e+3 1.040e+1 8.204e+0 1.495e+1 1.115e+1 9.203e-4 3.804e+1 6.390e-1 C
Ar      11      18  8 5.390e+2 3.523e+3 1.257e-1 1.760e+3 1.579e+3 6.714e+0 1.975e+0 3.286e-3 3.226e-1 C
Ar      12      18  7 6.183e+2 3.613e+3 5.310e+0 7.018e-1 1.001e+2 8.939e+0 4.987e-1 1.099e+2 2.202e-1 C
Ar      13      18  6 6.861e+2 3.702e+3 3.209e-1 2.459e-2 2.285e+3 8.810e+0 6.692e-1 2.068e+3 2.113e+1 C
Ar      14      18  5 7.558e+2 3.798e+3 1.557e+0 4.997e-2 5.031e+2 8.966e+0 2.938e-1 4.552e+2 6.459e+0 C
Ar      15      18  4 8.548e+2 3.898e+3 1.888e+1 2.571e+4 1.475e+0 2.634e+1 2.909e+1 2.445e-2 1.054e-2 C
Ar      16      18  3 9.180e+2 3.988e+3 4.154e+1 2.135e+1 4.118e+1 4.945e+0 0.000e+0 0.000e+0 0.000e+0 B
Ar      17      18  2 4.121e+3 5.000e+4 4.468e+2 3.108e+1 3.039e+1 2.092e+0 0.000e+0 0.000e+0 0.000e+0 B
Ar      18      18  1 4.426e+3 5.000e+4 1.399e+2 1.690e+2 3.288e+1 2.963e+0 0.000e+0 0.000e+0 0.000e+0 A
Ca      1       20 20 6.113e+0 3.443e+1 1.278e+1 5.370e+5 3.162e-1 1.242e+1 4.477e-1 1.012e-3 1.851e-2 Ee
Ca      2       20 19 1.187e+1 4.090e+1 1.553e+1 1.064e+7 7.790e-1 2.130e+1 6.453e-1 2.161e-3 6.706e-2 Ebe
Ca      3       20 18 5.091e+1 3.731e+2 2.436e+1 3.815e+1 2.931e+2 3.944e+0 3.126e-1 1.802e+0 1.233e+0 E
Ca      4       20 17 6.727e+1 3.944e+2 4.255e+0 7.736e+0 1.355e+1 1.236e+1 1.369e+0 1.467e+1 3.298e-2 C
Ca      5       20 16 8.451e+1 4.175e+2 6.882e-1 1.523e-1 1.502e+2 1.061e+1 8.227e+0 1.210e+2 3.876e+0 C
Ca      6       20 15 1.088e+2 4.423e+2 9.515e+0 7.642e+1 8.973e+1 5.141e+0 2.471e+0 4.829e+0 5.824e+0 C
Ca      7       20 14 1.272e+2 4.687e+2 8.080e-1 4.760e-1 3.682e+2 8.634e+0 5.720e-1 1.487e+2 1.283e+0 C
Ca      8       20 13 1.472e+2 4.967e+2 1.366e+0 6.641e-1 3.188e+2 8.138e+0 2.806e-1 1.039e+2 3.329e+0 C
Ca      9       20 12 1.883e+2 5.270e+2 5.520e-2 2.076e+2 1.790e+4 5.893e+0 1.843e-3 2.826e-4 1.657e+0 C
Ca      10      20 11 2.113e+2 5.569e+2 1.605e+1 1.437e+1 6.989e+2 3.857e+0 0.000e+0 0.000e+0 0.000e+0 B
Ca      11      20 10 5.919e+2 4.265e+3 2.288e-1 9.384e-1 2.549e+2 1.103e+1 1.390e+0 2.478e+1 3.100e+0 Cd
Ca      12      20  9 6.572e+2 4.362e+3 2.345e+1 1.227e+1 1.312e+1 9.771e+0 6.842e-4 2.417e+1 5.469e-1 Cd
Ca      13      20  8 7.267e+2 4.453e+3 1.008e+1 1.849e+3 1.792e+4 2.868e+0 2.410e+2 6.138e-3 6.931e+1 C
Ca      14      20  7 8.177e+2 4.555e+3 9.980e+0 1.116e+0 5.918e+1 9.005e+0 3.879e+0 7.104e+1 5.311e+0 C
Ca      15      20  6 8.946e+2 4.659e+3 1.309e+2 5.513e+1 3.828e+2 2.023e+0 9.084e-2 1.833e-2 9.359e-1 C
Ca      16      20  5 9.745e+2 4.767e+3 4.293e+0 1.293e+0 1.691e+1 1.438e+1 3.461e-5 9.363e-1 4.589e-2 C
Ca      17      20  4 1.087e+3 4.880e+3 2.618e+1 2.028e+4 1.456e+0 2.560e+1 2.803e+1 2.402e-2 9.323e-3 C
Ca      18      20  3 1.157e+3 4.982e+3 9.472e+1 1.105e+1 3.818e+1 4.192e+0 0.000e+0 0.000e+0 0.000e+0 B
Ca      19      20  2 5.129e+3 5.000e+4 6.297e+2 1.936e+1 3.921e+1 1.862e+0 0.000e+0 0.000e+0 0.000e+0 B
Ca      20      20  1 5.470e+3 5.000e+4 1.729e+2 1.369e+2 3.288e+1 2.963e+0 0.000e+0 0.000e+0 0.000e+0 A
Fe      1       26 26 7.902e+0 6.600e+1 5.461e-2 3.062e-1 2.671e+7 7.923e+0 2.069e+1 1.382e+2 2.481e-1 Ee
Fe      2       26 25 1.619e+1 7.617e+1 1.761e-1 4.365e+3 6.298e+3 5.204e+0 1.141e+1 9.272e+1 1.075e+2 Ee
Fe      3       26 24 3.065e+1 8.705e+1 1.698e-1 6.107e+0 1.555e+3 8.055e+0 8.698e+0 1.760e+2 1.847e+1 De
Fe      4       26 23 5.480e+1 1.067e+2 2.544e+1 3.653e+2 8.913e+0 6.538e+0 5.602e-1 0.000e+0 0.000e+0 Fe
Fe      5       26 22 7.501e+1 1.288e+2 7.256e-1 1.523e-3 3.736e+1 1.767e+1 5.064e+1 8.871e+1 5.280e-2 Fe 
Fe      6       26 21 9.906e+1 1.527e+2 2.656e+0 5.259e-1 1.450e+1 1.632e+1 1.558e+1 3.361e+1 3.743e-3 Fe
Fe      7       26 20 1.250e+2 1.783e+2 5.059e+0 2.420e+4 4.850e+4 2.374e+0 2.516e-3 4.546e-1 2.683e+1 De
Fe      8       26 19 1.511e+2 2.055e+2 7.098e-2 1.979e+1 1.745e+4 6.750e+0 2.158e+2 2.542e+3 4.672e+2 De
Fe      9       26 18 2.336e+2 9.211e+2 6.741e+0 2.687e+1 1.807e+2 6.290e+0 2.387e-4 2.494e+1 8.251e+0 C
Fe      10      26 17 2.621e+2 9.590e+2 6.886e+1 6.470e+1 2.062e+1 4.111e+0 2.778e-4 1.190e-5 6.570e-3 C
Fe      11      26 16 2.902e+2 9.983e+2 8.284e+0 3.281e+0 5.360e+1 8.571e+0 3.279e-1 2.971e+1 5.220e-1 C
Fe      12      26 15 3.308e+2 1.039e+3 6.295e+0 1.738e+0 1.130e+2 8.037e+0 3.096e-1 4.671e+1 1.425e-1 C
Fe      13      26 14 3.610e+2 1.081e+3 1.317e-1 2.791e-3 2.487e+3 9.791e+0 6.938e-1 2.170e+3 6.852e-3 C
Fe      14      26 13 3.922e+2 1.125e+3 8.509e-1 1.454e-1 1.239e+3 8.066e+0 4.937e-1 4.505e+2 2.504e+0 C
Fe      15      26 12 4.570e+2 1.181e+3 5.555e-2 2.108e+2 2.045e+4 6.033e+0 1.885e-3 2.706e-4 1.628e+0 C
Fe      16      26 11 4.893e+2 1.216e+3 2.873e+1 1.207e+1 5.150e+2 3.846e+0 0.000e+0 0.000e+0 0.000e+0 B
Fe      17      26 10 1.262e+3 7.651e+3 3.444e-1 1.452e+0 3.960e+2 1.013e+1 1.264e+0 2.891e+1 3.404e+0 C
Fe      18      26  9 1.358e+3 7.769e+3 3.190e+1 2.388e+0 2.186e+1 9.589e+0 2.902e-2 3.805e+1 4.805e-1 C
Fe      19      26  8 1.456e+3 7.918e+3 7.519e-4 6.066e-5 1.606e+6 8.813e+0 4.398e+0 1.915e+6 3.140e+1 Cd
Fe      20      26  7 1.582e+3 8.041e+3 2.011e+1 4.455e-1 4.236e+1 9.724e+0 2.757e+0 6.847e+1 3.989e+0 C
Fe      21      26  6 1.689e+3 8.184e+3 9.243e+0 1.098e+1 7.637e+1 7.962e+0 1.748e+0 4.446e+1 3.512e+0 C
Fe      22      26  5 1.799e+3 8.350e+3 9.713e+0 7.204e-2 1.853e+2 8.843e+0 9.551e-3 1.702e+2 4.263e+0 C
Fe      23      26  4 1.950e+3 8.484e+3 4.575e+1 2.580e+4 1.358e+0 2.604e+1 2.723e+1 3.582e-2 8.712e-3 C
Fe      24      26  3 2.046e+3 8.638e+3 7.326e+1 1.276e+1 4.914e+1 4.941e+0 0.000e+0 0.000e+0 0.000e+0 B
Fe      25      26  2 8.829e+3 5.000e+4 1.057e+3 1.195e+1 5.769e+1 1.718e+0 0.000e+0 0.000e+0 0.000e+0 B
Fe      26      26  1 9.278e+3 5.000e+4 2.932e+2 8.099e+1 3.288e+1 2.963e+0 0.000e+0 0.000e+0 0.000e+0 A

# Notes to Table 1
# A, B, C, D, E, F -- classes of accuracy (see text).
# b Fit to experimental cross section.
# c Fit goes through the averaged near-threshold resonances. A step-like structure of the near-threshold cross section is smoothed.
# d In the OP cross section, there is one isolated data point which is approximately two orders of magnitude larger than all neighbouring data (e.g., FeXIX cross sections are 0.2143, 103.8, and 0.2421 Mb at 1485.3, 1485.5, and 1485.6 eV, respectively). This isolated data point is not included in the averaged cross section.
# e Fit should not be extrapolated above Emax.
